cpu  240441 136982 262130 1546780 8977 0 12736 0 0 0
cpu0 41348 30244 47145 148451 681 0 4488 0 0 0
cpu1 56353 26524 42615 148398 507 0 592 0 0 0
cpu2 30273 12826 44635 183679 814 0 2032 0 0 0
cpu3 29987 13033 46474 181931 920 0 1589 0 0 0
cpu4 28543 19029 28697 196895 2937 0 1077 0 0 0
cpu5 22274 17338 21684 214757 1264 0 728 0 0 0
cpu6 20780 15208 18000 222956 1052 0 693 0 0 0
cpu7 10880 2777 12878 249708 799 0 1534 0 0 0
intr 15450380 0 0 0 0 0 0 0 675060 660856 664695 670871 510571 494303 405240 318695 0 0 0 0 0 0 0 0 0 0 0 0 0 0 0 0 0 0 0 0 0 0 0 0 0 0 0 0 0 0 0 0 0 0 0 0 0 0 0 0 0 0 0 0 0 55049 0 0 0 0 0 0 0 0 0 0 0 0 0 0 0 0 0 0 0 0 0 0 915 0 0 24484 0 3948 0 3948 0 0 14320 0 0 0 0 0 14320 0 0 0 188358 0 0 2 0 0 0 0 0 0 0 0 0 0 0 0 14 0 0 0 1091 0 1145821 0 0 0 2064 5105 0 2 2978 143260 36588 175214 2310 144623 667 722008 0 0 0 7060 0 0 19562 19561 19567 19564 20665 20665 20048 20045 24678 20666 20665 0 4248 0 0 74320 68 143602 21527 0 142 0 266 0 26 0 0 0 0 2078 70 0 0 0 1 152 0 0 0 0 0 0 0 0 0 0 0 0 0 0 0 0 0 0 0 0 0 0 0 0 0 0 0 0 0 0 0 0 0 0 0 0 0 0 0 0 0 0 0 0 0 0 0 0 0 0 0 0 0 0 0 0 0 0 0 0 0 0 0 0 0 0 0 0 0 0 0 0 0 0 0 0 0 0 0 0 0 0 0 0 0 0 0 1 0 9160 0 0 1 51976 5 0 0 0 8028 0 0 0 1
ctxt 20705676
btime 1666933600
processes 77409
procs_running 3
procs_blocked 0
softirq 8877573 71 2578491 2414 766392 698255 0 14365 2439309 0 2378276
